# Chandrasekharan and Rajagopalan(1987)
# m = 40 p = 100
# Instance format:
# machines_number parts_number
# machine1 part_to_be_processed_1 part_to_be_processed_2 ...
# machine2 part_to_be_processed_1 part_to_be_processed_2 ...
# ...

40 100
1 4 5 9 24 33 49 57 58 65 66 81
2 12 13 54 61 64 77 78 90
3 4 5 24 33 39 49 56 57 58 65 66 81
4 3 10 19 20 36 48 50 100
5 6 17 26 27 28 46 55 60 69 70 76 82 83 88 89 93 98 99
6 1 2 15 29 30 38 40 43 44 45 59 60 62 95
7 4 5 9 24 33 39 49 57 65 66 67
8 6 17 26 27 34 46 55 59 69 70 76 83 88 89 93 98 99
9 3 10 19 20 36 46 48 50 100
10 12 13 54 61 64 73 77 78 90
11 7 11 18 37 42 47 56 67 75 79 80 97
12 1 2 14 29 30 38 43 44 45 58 59 60 62 63 95 98
13 7 11 18 37 42 56 67 79 80 86 97
14 21 22 32 52 75 80 86 94
15 23 31 51 56 74
16 12 13 15 54 59 61 73 77 78 90
17 2 21 22 37 52 86
18 23 31 32 41 74 88
19 26 41 71 72 84 85 91 92
20 3 10 19 36 48 50 100
21 12 13 38 61 64 73 77 78 90
22 6 17 26 27 28 46 55 69 70 76 82 88 89 98 99
23 6 26 27 28 46 55 69 70 73 76 82 83 88 89 98 99
24 8 16 25 34 35 47 53 68 87 96
25 31 71 72 84 85 91 92
26 1 14 15 29 30 38 40 43 44 45 59 60 61 62 63 95
27 8 16 25 34 35 39 47 53 68 87 96
28 2 53 71 72 84 85 91 92
29 8 16 25 34 35 47 53 68 87 96
30 12 20 71 72 74 84 85 91 92
31 12 54 61 64 73 77 90
32 4 5 9 24 39 49 57 58 65 66 81
33 23 31 41 51 74
34 23 31 32 41 51 74
35 21 22 52 75 86 94
36 23 32 41 44 51 74 77 82
37 6 17 26 27 28 46 55 69 70 76 82 83 88 89 93 98 99
38 1 2 14 15 29 30 40 43 45 59 60 62 63 95
39 6 17 26 28 55 69 70 76 82 83 88 89 93 99
40 1 2 14 15 30 38 40 43 44 45 60 63 76 83 95
