# Carrie(1973)-Burbidge(1969)
# m = 20 p = 35
# Instance format:
# machines_number parts_number
# machine1 part_to_be_processed_1 part_to_be_processed_2 ...
# machine2 part_to_be_processed_1 part_to_be_processed_2 ...
# ...

20 35
1 1 3 20 23 25
2 2 7 10 12 13 18 24 27 31
3 1 3 5 15 17 29 31
4 2 7 12 13 24 27
5 8 14 16 34
6 8 14 16 19 22 26 34
7 1 3 5 15 17 20 23
8 1 3 5 15 17 20 23 25 29
9 8 14 19 22 26
10 8 14 16 19 22 26
11 4 6 9 11 21 28 30 32 35
12 4 6 9 11 21 33
13 2 12 13 24
14 2 7 10 12 13 18 24 27 31
15 4 6 9 11 21 28 30
16 4 6 9 11 21 28 30 32
17 1 3 5 15 17 20 23 25 29
18 2 10 12 13 18 24 31
19 4 9 11 21 28 30 32
20 8 14 19 23 26